[print-page-setup]
PPDName=A4
DisplayName=A4
Width=210
Height=297
MarginTop=6.3499999999999996
MarginBottom=6.3499999999999996
MarginLeft=6.3499999999999996
MarginRight=6.3499999999999996
Orientation=portrait
