start=6.824366
pause=yes
volume=96.000000
